c -8.50233 -4.41545 68.35940
c -8.52770 -4.26266 66.05310
c -8.08622 -3.81408 63.52980
c -7.80964 -3.35152 61.80670
c -6.78971 -3.95184 59.74030
c -5.49827 -4.91805 57.91620
c -4.39746 -5.27314 56.16220
c -3.59676 -6.51530 56.13120
c -1.94286 -7.94420 55.20060
c 0.00017 -8.15739 55.06300
c 1.94284 -7.94419 55.20060
c 3.59675 -6.51529 56.13120
c 4.39747 -5.27313 56.16220
c 5.49829 -4.91805 57.91620
c 6.78972 -3.95183 59.74030
c 7.80964 -3.35152 61.80670
c 8.08622 -3.81407 63.52980
c 8.44944 -4.43396 66.11320
c 8.50234 -4.41545 68.35940
c -2.03402 -9.22730 68.51030
c -3.01578 -9.49880 69.52260
c -5.09013 -9.28608 69.93190
c -5.82297 -8.71480 69.59560
c -6.19748 -8.04481 69.02540
c -5.60266 -8.35221 68.38000
c -4.76233 -8.82964 68.19180
c -2.96829 -9.25537 68.16570
c 2.03403 -9.22730 68.51030
c 3.01579 -9.49880 69.52260
c 5.04342 -9.28608 69.93190
c 5.82297 -8.71480 69.59560
c 6.19749 -8.04481 69.02540
c 5.60267 -8.35221 68.38000
c 4.71863 -8.82964 68.19180
c 2.94105 -9.25537 68.16570
c -1.74478 -10.73400 70.72360
c -4.15957 -10.31910 71.41470
c -5.52303 -9.81011 71.45240
c -6.67005 -8.68278 71.11940
c -7.34138 -7.50430 70.51040
c -6.96121 -7.82689 69.88370
c -6.52466 -8.71055 70.61650
c -5.34475 -9.55208 70.85530
c -4.09204 -10.02860 70.70660
c -1.89385 -9.83040 69.79600
c 1.74478 -10.73400 70.72360
c 4.15958 -10.31910 71.41470
c 5.52303 -9.81011 71.45240
c 6.73183 -8.68278 71.11940
c 7.34139 -7.50429 70.51040
c 6.96122 -7.82689 69.88370
c 6.52466 -8.71055 70.61650
c 5.34476 -9.55208 70.85530
c 4.09205 -10.02860 70.70660
c 1.89386 -9.83040 69.79600
c -1.06190 -9.72278 68.26420
c -1.39096 -10.04160 66.56390
c -1.56065 -10.42560 64.98350
c -2.13714 -10.18010 63.79870
c -1.64595 -9.80178 63.04510
c -0.31417 -10.16810 62.67160
c 0.31417 -10.16810 62.67160
c 1.64596 -9.80178 63.04510
c 2.13714 -10.18010 63.79870
c 1.56065 -10.42560 64.98350
c 1.39096 -10.04160 66.56390
c 1.06190 -9.72278 68.26420
c -2.85155 -8.73269 60.09220
c -2.03659 -9.89879 60.73170
c -0.69627 -10.63950 61.21710
c 0.00025 -10.70160 61.09190
c 0.69627 -10.63950 61.21710
c 2.03659 -9.89879 60.73170
c 2.85155 -8.73269 60.09220
c 2.47563 -9.01081 59.61040
c 1.33451 -9.79581 59.02880
c 0.00025 -10.01980 58.93070
c -1.33451 -9.79581 59.02880
c -2.47563 -9.01081 59.61040
c -2.52359 -8.63855 60.01200
c -1.18566 -9.51484 60.01990
c 0.00025 -9.76690 59.95460
c 1.18566 -9.51484 60.01990
c 2.52359 -8.63855 60.01200
c 1.17228 -9.48034 60.17940
c 0.00025 -9.76122 60.23930
c -1.17228 -9.48034 60.17940

