0.374071 0.352105
0.371635 0.383605
0.371160 0.420684
0.374397 0.450565
0.398184 0.479282
0.419790 0.502600
0.436047 0.523032
0.440972 0.513842
0.479420 0.512976
0.499952 0.512734
0.520485 0.512976
0.558933 0.513842
0.563858 0.523032
0.580115 0.502600
0.601721 0.479282
0.625508 0.450565
0.628745 0.420684
0.628270 0.383605
0.625834 0.352105
0.471268 0.341065
0.461364 0.329198
0.436615 0.326004
0.426270 0.330377
0.418599 0.337407
0.426947 0.345503
0.438716 0.348458
0.460412 0.346978
0.528637 0.341065
0.538540 0.329198
0.563290 0.326004
0.573635 0.330377
0.581305 0.337407
0.573107 0.345865
0.561094 0.348521
0.539402 0.346928
0.480443 0.310557
0.452511 0.305480
0.435734 0.305377
0.417124 0.310783
0.402088 0.321545
0.409400 0.326622
0.421193 0.317620
0.436943 0.311687
0.451685 0.312095
0.476173 0.324594
0.519462 0.310557
0.547393 0.305480
0.564171 0.305377
0.582781 0.310783
0.597817 0.321545
0.590505 0.326622
0.578712 0.317620
0.562962 0.311687
0.548220 0.312095
0.523732 0.324594
0.486475 0.339371
0.479706 0.365211
0.476813 0.381101
0.470162 0.402775
0.475981 0.411734
0.493717 0.414552
0.506188 0.414395
0.523923 0.411734
0.529743 0.402775
0.523092 0.381101
0.520199 0.365211
0.513429 0.339371
0.459434 0.452851
0.471573 0.443263
0.491847 0.436115
0.499952 0.437755
0.508057 0.436115
0.528332 0.443263
0.540471 0.452851
0.531596 0.460716
0.515547 0.465796
0.499952 0.466665
0.484358 0.465796
0.468308 0.460716
0.462738 0.455352
0.483232 0.452168
0.499952 0.452535
0.516673 0.452168
0.537166 0.455352
0.514295 0.454458
0.499952 0.452633
0.485609 0.454458

