c -9.07345 -5.10348 74.06670
c -9.10053 -4.77563 71.62200
c -8.70932 -4.10798 68.83940
c -8.41143 -3.60978 66.98360
c -7.90724 -3.16418 65.03090
c -7.24841 -2.97943 63.43370
c -5.74992 -3.20210 61.61410
c -3.58033 -8.06253 60.97400
c -2.30361 -8.52620 59.84230
c 0.00018 -8.74911 59.68430
c 2.30362 -8.52619 59.84230
c 3.58034 -8.06252 60.97400
c 5.74993 -3.20209 61.61410
c 7.24841 -2.97941 63.43370
c 7.90725 -3.16417 65.03100
c 8.41143 -3.60977 66.98360
c 8.70932 -4.10797 68.83950
c 9.10053 -4.77562 71.62200
c 9.07345 -5.10348 74.06670
c -2.17066 -10.25290 73.88170
c -3.21836 -10.75430 74.93070
c -4.26111 -10.93190 75.30040
c -5.43205 -10.55720 75.38180
c -6.61378 -9.01664 74.51580
c -5.08223 -9.78123 73.57280
c -4.03998 -10.07980 73.41990
c -3.16768 -10.23890 73.51410
c 2.17066 -10.25290 73.88170
c 3.21836 -10.75430 74.93070
c 4.26111 -10.93190 75.30040
c 5.43205 -10.55720 75.38180
c 6.61378 -9.01663 74.51580
c 5.08223 -9.78123 73.57280
c 4.03998 -10.07980 73.41990
c 3.16768 -10.23890 73.51410
c -1.86198 -12.01290 76.13060
c -3.12372 -11.86660 76.58430
c -4.43898 -11.62820 76.89570
c -5.89402 -11.09020 76.97220
c -7.18402 -9.84580 76.69980
c -6.96294 -9.92325 76.15670
c -5.70378 -10.90650 76.34590
c -4.36692 -11.40330 76.15340
c -3.05062 -11.45040 75.83200
c -2.02107 -11.12700 75.19810
c 1.86198 -12.01290 76.13060
c 3.12372 -11.86660 76.58430
c 4.43898 -11.62820 76.89570
c 5.89402 -11.09020 76.97220
c 7.18402 -9.84578 76.69980
c 6.96294 -9.92324 76.15670
c 5.70378 -10.90650 76.34590
c 4.36692 -11.40330 76.15340
c 3.05063 -11.45040 75.83200
c 2.02107 -11.12700 75.19810
c -1.13323 -10.75420 73.58470
c -1.48440 -10.96540 71.75190
c -1.68091 -11.22890 70.40520
c -2.34343 -10.38160 68.75640
c -1.77279 -10.55710 68.31740
c -0.33838 -10.95160 67.91520
c 0.33838 -10.95160 67.91520
c 1.77279 -10.55710 68.31740
c 2.34343 -10.38160 68.75640
c 1.68091 -11.22890 70.40520
c 1.48440 -10.96540 71.75190
c 1.13323 -10.75420 73.58470
c -3.07128 -9.40559 65.13700
c -2.19352 -10.66150 65.82580
c -0.74992 -11.45930 66.34860
c 0.00026 -11.52620 66.21380
c 0.74992 -11.45930 66.34860
c 2.19352 -10.66150 65.82580
c 3.07128 -9.40559 65.13700
c 2.66639 -9.70514 64.61810
c 1.43735 -10.55060 63.99160
c 0.00026 -10.79190 63.88600
c -1.43734 -10.55060 63.99160
c -2.66639 -9.70514 64.61810
c -2.71805 -9.30420 65.05070
c -1.26262 -10.21080 65.23090
c 0.00026 -10.51950 64.98880
c 1.27703 -10.24800 65.05910
c 2.71805 -9.30420 65.05070
c 1.26262 -10.21080 65.23090
c 0.00026 -10.46740 65.19920
c -1.27702 -10.24800 65.05910

