0.374071 0.352105
0.371635 0.383605
0.371160 0.420684
0.374397 0.450565
0.383153 0.482633
0.398725 0.511948
0.423961 0.539134
0.453850 0.502465
0.479420 0.512976
0.499952 0.512734
0.520485 0.512976
0.546055 0.502465
0.575944 0.539134
0.601180 0.511948
0.616751 0.482633
0.625508 0.450565
0.628745 0.420684
0.628270 0.383605
0.625834 0.352105
0.471268 0.341065
0.461364 0.329198
0.450240 0.325444
0.436615 0.326004
0.418599 0.337407
0.438716 0.348458
0.450831 0.348841
0.460412 0.346978
0.528637 0.341065
0.538540 0.329198
0.549664 0.325444
0.563290 0.326004
0.581305 0.337407
0.561094 0.348521
0.548984 0.348967
0.539402 0.346928
0.480443 0.310557
0.466924 0.307472
0.452511 0.305480
0.435734 0.305377
0.417124 0.310783
0.421193 0.317620
0.436943 0.311687
0.451685 0.312095
0.466000 0.316453
0.476173 0.324594
0.519462 0.310557
0.532981 0.307472
0.547393 0.305480
0.564171 0.305377
0.582781 0.310783
0.578712 0.317620
0.562962 0.311687
0.548220 0.312095
0.533905 0.316453
0.523732 0.324594
0.486475 0.339371
0.479706 0.365211
0.476813 0.381101
0.466964 0.405897
0.475981 0.411734
0.493717 0.414552
0.506188 0.414395
0.523923 0.411734
0.532942 0.405899
0.523092 0.381101
0.520199 0.365211
0.513429 0.339371
0.459434 0.452851
0.471573 0.443263
0.491847 0.436115
0.499952 0.437755
0.508057 0.436115
0.529126 0.442115
0.540344 0.449086
0.531596 0.460716
0.515547 0.465796
0.499952 0.466665
0.484358 0.465796
0.468308 0.460716
0.462738 0.455352
0.484421 0.454458
0.499952 0.452535
0.516673 0.452168
0.536466 0.451796
0.514295 0.454458
0.499952 0.454637
0.484421 0.452168

